load model from ./models/pong_ac.h5.
Episode: 1 - Score: 4.0 - Update Counter:     0 
Episode: 2 - Score: 11.0 - Update Counter:     0 
save model to ./models/pong_ac.h5.
[array([[[[-3.57237495e-02,  5.58561571e-02,  2.85141021e-01, ...,
           2.05912977e-01,  2.34906182e-01,  3.57516080e-01]],

        [[-2.58485109e-01,  1.09846711e-01,  4.03563619e-01, ...,
           3.92503947e-01,  1.42386779e-01,  3.14944983e-01]],

        [[-1.26289755e-01, -7.93233886e-02, -1.85885817e-01, ...,
          -1.44229189e-01,  1.42166510e-01, -3.16642344e-01]],

        [[-3.97181839e-01, -2.29849130e-01,  5.43217100e-02, ...,
          -2.22638935e-01,  3.92696202e-01, -2.20620841e-01]],

        [[-1.81990683e-01, -9.78115425e-02, -3.54203694e-02, ...,
           1.14748739e-01, -2.73628026e-01,  3.25018644e-01]],

        [[ 1.42954662e-01,  1.28995225e-01,  4.40519959e-01, ...,
           1.75005943e-01, -1.58962816e-01,  1.90790460e-01]]],


       [[[-3.20363134e-01, -1.60460249e-01,  1.33062840e-01, ...,
          -2.80800778e-02, -2.49488696e-01, -2.98124254e-01]],

        [[ 3.22118908e-01,  9.12054852e-02,  2.70332163e-03, ...,
           4.13844734e-01,  3.32080781e-01, -9.91305634e-02]],

        [[-2.06186116e-01,  4.20755774e-01, -2.28233784e-02, ...,
           1.64077327e-01, -8.66230130e-02, -8.50128159e-02]],

        [[-1.43776721e-04,  3.84247899e-01, -2.85876632e-01, ...,
           3.58545870e-01, -3.46046329e-01,  2.10056350e-01]],

        [[ 2.06639022e-01,  1.23044290e-01, -6.55918792e-02, ...,
          -1.09817043e-01, -3.97367984e-01,  1.33468406e-02]],

        [[ 2.49729678e-02, -3.33653279e-02,  1.14537045e-01, ...,
           1.05507985e-01, -2.37338200e-01,  3.53232056e-01]]],


       [[[-9.15720537e-02, -3.25025588e-01,  3.85375023e-01, ...,
           7.60419071e-02,  2.34652981e-01, -1.12705305e-01]],

        [[-1.99393839e-01,  1.78623557e-01, -1.48934200e-01, ...,
          -8.67586136e-02, -3.53198260e-01, -3.46459121e-01]],

        [[ 1.89833194e-01,  1.36557594e-01,  6.50329366e-02, ...,
          -2.22895090e-02, -2.73309678e-01, -1.86692983e-01]],

        [[-5.74642308e-02,  3.27326506e-01, -4.12502676e-01, ...,
          -3.15272883e-02, -3.46411765e-01, -8.99675488e-03]],

        [[-1.06768027e-01,  3.30006450e-01, -2.02427451e-02, ...,
          -1.50193468e-01, -3.31969798e-01,  8.24254453e-02]],

        [[-6.81020394e-02,  1.38272107e-01,  3.71910244e-01, ...,
          -4.23055977e-01,  3.03773373e-01,  2.93645322e-01]]],


       [[[-4.81231809e-02,  1.29099205e-01,  3.68455768e-01, ...,
          -2.27102950e-01, -2.43676588e-01,  2.57480573e-02]],

        [[ 2.30130672e-01, -1.06353626e-01, -2.06556559e-01, ...,
           8.49995576e-03, -2.81607270e-01, -3.53546679e-01]],

        [[ 2.39290908e-01,  4.55226034e-01,  4.33136404e-01, ...,
          -2.64261663e-01,  3.46946448e-01,  4.77773994e-02]],

        [[-8.46704394e-02, -3.73735338e-01, -9.98807549e-02, ...,
           3.65240008e-01, -2.98520178e-02, -3.05296987e-01]],

        [[-2.95561403e-01,  1.29847676e-01, -3.78659278e-01, ...,
           4.11295354e-01, -9.45082530e-02, -3.18291306e-01]],

        [[-4.30581003e-01, -2.65077036e-02, -2.42023692e-01, ...,
          -8.96514878e-02, -3.43820989e-01,  2.40751415e-01]]],


       [[[-1.55946717e-01, -4.18636240e-02,  3.09138060e-01, ...,
          -3.03261299e-02, -9.40740928e-02, -3.53569500e-02]],

        [[-2.25550517e-01, -2.23073766e-01, -9.27334353e-02, ...,
           2.20966533e-01, -3.56356472e-01, -3.00512195e-01]],

        [[ 3.42718720e-01, -1.98564947e-01,  1.46984279e-01, ...,
           6.33930787e-02, -4.14813131e-01,  6.98675290e-02]],

        [[-1.81322291e-01,  3.82813245e-01, -2.54722267e-01, ...,
          -1.72783822e-01, -6.36393524e-05,  7.09819123e-02]],

        [[ 1.77853301e-01, -9.07671228e-02,  3.55413854e-01, ...,
          -2.17377231e-01,  3.27549011e-01, -3.00993025e-01]],

        [[-1.57271117e-01, -1.95222646e-01,  3.85944605e-01, ...,
           1.11540116e-01,  3.45883012e-01, -3.19606900e-01]]],


       [[[-2.00414822e-01,  1.15128271e-01,  2.59733349e-01, ...,
           3.14812273e-01, -3.59048158e-01,  6.16807938e-02]],

        [[-6.04590401e-02,  3.51404667e-01,  5.36642317e-03, ...,
           2.89980233e-01,  5.16628809e-02, -1.55321151e-01]],

        [[ 3.66255194e-01,  1.12844519e-01,  3.74647766e-01, ...,
           9.19277500e-03,  9.95428711e-02,  2.19223320e-01]],

        [[-8.37631673e-02, -2.82714605e-01, -2.40469456e-01, ...,
           1.31246045e-01, -2.84453690e-01, -2.22169429e-01]],

        [[-3.93970042e-01, -1.14408523e-01,  1.81036547e-01, ...,
          -6.01884909e-02, -1.65826231e-01,  2.51183242e-01]],

        [[ 3.71610075e-01, -1.70215741e-01,  1.51572004e-01, ...,
           1.91133603e-01, -4.31462424e-03, -3.59158576e-01]]]],
      dtype=float32), array([-4.73878870e-04,  5.81885746e-04, -2.18637229e-04,  1.16907162e-04,
       -4.05471277e-04,  6.85593404e-04,  6.58948114e-03,  1.08358788e-03,
        1.19978294e-03,  3.10011161e-03,  6.41163345e-03,  1.28074677e-03,
       -2.46063079e-04, -1.14288618e-04, -2.13447114e-04, -8.61521752e-04,
        4.06922819e-03,  3.59880651e-04,  6.47015171e-04,  1.12516526e-03,
       -1.03341976e-04, -4.44561185e-04,  2.96747242e-03,  2.11166358e-03,
       -1.94112770e-04, -1.48136887e-05,  5.12024795e-04, -7.86239252e-05,
        1.25346647e-03, -3.25018773e-04, -1.92759835e-04, -4.65477613e-04],
      dtype=float32), array([[[[ 0.07285129,  0.21239384,  0.06591966, ...,  0.02424188,
           0.08400864, -0.2222018 ]],

        [[ 0.0614848 ,  0.0069287 ,  0.2685662 , ..., -0.02590333,
           0.17611374,  0.05778807]],

        [[ 0.3258132 ,  0.12144344, -0.25689027, ...,  0.21372811,
          -0.13083328, -0.24358045]],

        [[ 0.48144066,  0.06473928,  0.05180133, ...,  0.12039714,
          -0.06160611,  0.32134762]],

        [[-0.22902574, -0.13436686, -0.01061378, ..., -0.04149752,
          -0.1363673 , -0.10820625]],

        [[-0.20318438, -0.02589076,  0.0083829 , ..., -0.04364811,
           0.1504496 , -0.0115471 ]]],


       [[[-0.37799606,  0.33670968,  0.42864865, ...,  0.03957358,
          -0.10851368,  0.2695019 ]],

        [[ 0.09753793, -0.37785435, -0.06871884, ..., -0.13296884,
          -0.02632919, -0.10664298]],

        [[ 0.39200416,  0.40338877,  0.30270326, ...,  0.07095217,
           0.03333952,  0.31106654]],

        [[-0.13892992, -0.23495685, -0.07915696, ..., -0.19098312,
          -0.20877875, -0.09873907]],

        [[-0.29714325,  0.25792152, -0.14216375, ...,  0.16096672,
           0.19704865, -0.19689648]],

        [[ 0.34145382, -0.28253487,  0.13260508, ..., -0.0432407 ,
          -0.17240515,  0.24628156]]],


       [[[-0.21263538, -0.1426781 , -0.27494794, ..., -0.31877676,
          -0.30133983, -0.10050084]],

        [[ 0.33037028, -0.15359247, -0.2692576 , ..., -0.1310908 ,
           0.18526171, -0.01358628]],

        [[ 0.36624908, -0.08328396,  0.28719237, ...,  0.02370809,
          -0.35765558, -0.0565766 ]],

        [[-0.16605516, -0.31151694, -0.37423325, ...,  0.04360426,
          -0.08767455,  0.15395938]],

        [[-0.08773993, -0.0359474 ,  0.20726919, ..., -0.24185298,
           0.29984298, -0.19163767]],

        [[-0.256482  ,  0.10932563, -0.21472159, ...,  0.22347762,
          -0.28539893, -0.19476496]]],


       [[[-0.04601178,  0.05473208,  0.21449812, ...,  0.19852307,
           0.14584306, -0.08494727]],

        [[ 0.10858055, -0.02442787, -0.31128383, ..., -0.37539774,
          -0.11959197,  0.06181242]],

        [[ 0.35101107,  0.09664834, -0.20788369, ...,  0.0367908 ,
           0.20866764, -0.2961453 ]],

        [[-0.0605452 ,  0.11849854, -0.05441207, ...,  0.13400663,
          -0.16447811,  0.00139205]],

        [[ 0.45483303, -0.1654278 ,  0.40380934, ...,  0.17391422,
          -0.14058125,  0.19402891]],

        [[-0.1624154 , -0.04934803, -0.11406513, ..., -0.24745722,
          -0.3021031 ,  0.1700273 ]]],


       [[[-0.12821819, -0.16892353, -0.01056581, ...,  0.30679896,
          -0.1340614 ,  0.22838116]],

        [[-0.19623512,  0.2732522 ,  0.09686051, ...,  0.2973282 ,
          -0.26823315, -0.09193817]],

        [[-0.16163284,  0.01960385, -0.18565834, ...,  0.278185  ,
          -0.04347743, -0.13770765]],

        [[ 0.13408102,  0.324023  ,  0.01783349, ..., -0.21100108,
          -0.01746572,  0.26318118]],

        [[-0.299177  , -0.15287454, -0.1825517 , ...,  0.27510473,
           0.25661033,  0.0843035 ]],

        [[-0.01903584, -0.17785437,  0.09656825, ..., -0.10219311,
           0.22199433, -0.26895112]]],


       [[[ 0.254337  ,  0.14305389, -0.19754273, ...,  0.10344905,
          -0.18563512,  0.21327125]],

        [[-0.19508938, -0.12331496,  0.3511741 , ..., -0.03531712,
          -0.01641303,  0.3105026 ]],

        [[ 0.40002075, -0.21067013, -0.20772174, ..., -0.16853029,
          -0.2076078 , -0.34892285]],

        [[ 0.20545766,  0.05809078, -0.14532913, ..., -0.2172492 ,
          -0.32184002, -0.17735563]],

        [[-0.21523204,  0.35507938, -0.0635564 , ..., -0.10101227,
           0.18189617,  0.03938148]],

        [[-0.20663534, -0.27000374, -0.10086974, ..., -0.14657326,
          -0.1650921 ,  0.27751052]]]], dtype=float32), array([-0.02720931, -0.08581583, -0.00956034, -0.09950702, -0.14462851,
       -0.0592307 , -0.09439104, -0.07321675, -0.11263053, -0.067149  ,
       -0.08114465, -0.08744785, -0.06588712, -0.0974319 , -0.07286776,
       -0.07823658, -0.08633146, -0.0513095 , -0.06934524, -0.05000452,
       -0.02179054, -0.10111898, -0.11561437, -0.03487824, -0.11208832,
       -0.03528883, -0.03567693, -0.07877406, -0.10235596, -0.09255523,
       -0.0718537 , -0.08637363], dtype=float32), array([[ 1.5903397e-02,  3.6459037e-03,  9.1216229e-03, ...,
        -1.4977287e-02,  1.6093539e-02,  1.7549800e-02],
       [ 1.8046768e-02, -2.1235002e-03,  4.2562191e-03, ...,
         2.4990994e-02,  3.2850876e-03,  1.0418975e-02],
       [-2.2179822e-03, -2.4592651e-02, -6.8072225e-03, ...,
         2.9383289e-02,  1.9755421e-02,  1.7796331e-03],
       ...,
       [ 8.6724700e-05,  2.8738028e-03, -2.2624403e-03, ...,
         2.8116044e-03,  7.3794727e-03,  7.5698392e-03],
       [ 2.0547556e-02,  1.1079822e-03, -1.3022606e-02, ...,
        -2.1977910e-04,  1.8846000e-02,  1.7928118e-02],
       [ 2.9092303e-02, -6.9400977e-04, -1.6658174e-02, ...,
         6.6592023e-03, -1.6066033e-03,  1.8024603e-02]], dtype=float32), array([ 0.01396517,  0.00217586,  0.00170226,  0.00902459,  0.01216791,
        0.00898066, -0.01438906, -0.00368211,  0.0060306 ,  0.00910007,
       -0.00311364,  0.00450449, -0.00601362,  0.00811668,  0.01395633,
        0.0143316 ,  0.00231315,  0.01220504,  0.01488771,  0.01581688,
        0.01375595, -0.00384238,  0.0126677 ,  0.00430519,  0.01227584,
        0.01177982,  0.00995785,  0.00910602, -0.00379515,  0.00425451,
        0.01370462,  0.00597803, -0.00205291,  0.00475558,  0.00855923,
        0.00804239, -0.00047657,  0.0075792 ,  0.00391697, -0.00482443,
        0.00503319,  0.01454689,  0.00677648,  0.00992244,  0.01024048,
        0.01056524, -0.00186362,  0.0024433 ,  0.00068298, -0.00065522,
       -0.00320422,  0.0082998 ,  0.01440279,  0.00888148,  0.00531682,
        0.01425445,  0.00507163,  0.00928472,  0.0042218 ,  0.00388516,
       -0.01397203,  0.0119976 ,  0.01920102,  0.01310985], dtype=float32), array([[ 0.00545353,  0.00730188,  0.01830228, ..., -0.00262877,
         0.00385204, -0.00642909],
       [ 0.00975212,  0.00283249,  0.00260669, ..., -0.00424553,
         0.00464621,  0.01130892],
       [-0.01919169,  0.00600487,  0.05513975, ..., -0.00555677,
        -0.02485097, -0.03520719],
       ...,
       [ 0.0251583 ,  0.01316222, -0.02869324, ..., -0.02680544,
         0.0029259 , -0.01166953],
       [-0.00062988, -0.00672103, -0.00675393, ..., -0.02118509,
         0.01138836, -0.035519  ],
       [-0.02438515, -0.0075917 , -0.04288838, ..., -0.04420564,
         0.00853963, -0.02216708]], dtype=float32), array([-0.00955257,  0.00444068,  0.10435374, -0.01912911, -0.03240801,
       -0.05237158, -0.01681216, -0.04340938, -0.06041278, -0.00383144,
       -0.03085643, -0.04180637,  0.185216  , -0.04224122, -0.0397759 ,
       -0.06581216, -0.0259325 , -0.00901228, -0.01166043, -0.01227058,
        0.00500077, -0.01257776, -0.00869817,  0.04150366, -0.024749  ,
        0.003226  ,  0.00327795, -0.03300621, -0.02048344, -0.03862025,
       -0.03420843,  0.02137124,  0.08199561, -0.05242662, -0.02210038,
       -0.04103899, -0.00387265, -0.02851953, -0.00996878, -0.00261693,
       -0.01223938, -0.03630962, -0.02792132,  0.00109182, -0.00576804,
       -0.02614802, -0.00319079, -0.00491792, -0.03512037, -0.0051478 ,
       -0.02584876, -0.02127463, -0.0102373 , -0.00690756, -0.02303131,
       -0.01808078, -0.04318117, -0.0226921 , -0.00355934, -0.03993201,
       -0.00483845,  0.00099306, -0.02879438, -0.06198219], dtype=float32), array([[-0.164294  ,  0.15936044, -0.14726622],
       [ 0.19924507, -0.03997579,  0.08679791],
       [ 0.25932947,  0.0980591 ,  0.06003564],
       [ 0.05837174, -0.08627595,  0.1005127 ],
       [-0.17667039, -0.01442188,  0.21367556],
       [ 0.14639115, -0.27075925,  0.28164437],
       [ 0.1382366 , -0.00579271,  0.02121185],
       [ 0.14468828,  0.17660059,  0.05833138],
       [-0.152161  , -0.14341514,  0.14580792],
       [ 0.02866071,  0.05666272,  0.2654145 ],
       [ 0.0886182 ,  0.24229406, -0.19271646],
       [ 0.12250764, -0.3222641 , -0.21030055],
       [-0.12612146,  0.2992945 , -0.2943087 ],
       [ 0.2313997 , -0.19834252,  0.21174881],
       [ 0.28985262, -0.20094521,  0.3168404 ],
       [-0.30230552, -0.03093038, -0.25471824],
       [ 0.01708887, -0.11645437,  0.188835  ],
       [-0.03710266,  0.306071  ,  0.0017273 ],
       [-0.21330214,  0.04971907,  0.2763581 ],
       [-0.13898012,  0.21442924, -0.19338441],
       [ 0.2538316 ,  0.19381113, -0.2162218 ],
       [ 0.24565344,  0.09005421, -0.18599547],
       [-0.14502478,  0.13397767, -0.01622448],
       [ 0.25254366, -0.0346018 , -0.00815167],
       [-0.14819853,  0.01088807, -0.13684034],
       [-0.17887065,  0.0306578 ,  0.2039084 ],
       [-0.02192111,  0.09804498, -0.2141202 ],
       [ 0.2394667 , -0.1696064 , -0.1308066 ],
       [ 0.1542909 , -0.2608003 , -0.25274232],
       [ 0.09081855, -0.34311727, -0.00912059],
       [-0.04783887,  0.1919379 , -0.23793311],
       [-0.17713179, -0.26696882,  0.18331574],
       [ 0.23113291,  0.10196438, -0.0210318 ],
       [-0.08904961, -0.28397155,  0.1732478 ],
       [ 0.10229243, -0.12290502,  0.11170268],
       [-0.18895322,  0.3364851 , -0.1142347 ],
       [ 0.20933631,  0.14776133, -0.18995799],
       [ 0.07825367, -0.24709481,  0.07130776],
       [-0.26033133, -0.23799123,  0.1159538 ],
       [ 0.20495251, -0.1767967 , -0.2785122 ],
       [-0.20356971, -0.14141856,  0.21164079],
       [ 0.14947264,  0.14482924, -0.02130038],
       [ 0.0253592 , -0.20398937,  0.25271264],
       [ 0.11937965,  0.25574178,  0.04873138],
       [ 0.04215212,  0.16134267, -0.01300704],
       [ 0.24986336, -0.1216416 ,  0.21835613],
       [ 0.04279374, -0.19767848, -0.18379213],
       [ 0.06332022, -0.02919391,  0.15180399],
       [ 0.0955479 , -0.1775813 , -0.1357542 ],
       [ 0.08421473,  0.09483105,  0.0287469 ],
       [ 0.18701373, -0.2039491 , -0.18072678],
       [-0.06987052,  0.24729343,  0.15096612],
       [-0.06263323,  0.18304095,  0.2627011 ],
       [-0.01924738,  0.02435765,  0.28516424],
       [ 0.04273106,  0.02173965,  0.24312314],
       [-0.23532774,  0.14416607, -0.20414133],
       [ 0.02789888,  0.06387956, -0.2084093 ],
       [-0.253412  , -0.32604024, -0.10689896],
       [-0.17298757,  0.11749046,  0.0242697 ],
       [ 0.04742763, -0.03291791,  0.11527774],
       [ 0.08932346, -0.19453917, -0.16078772],
       [ 0.11422189,  0.13353713,  0.02202884],
       [ 0.1726299 ,  0.31794426, -0.2614919 ],
       [ 0.09769455,  0.19047572, -0.08455422]], dtype=float32), array([-0.00938533,  0.00935288,  0.00040651], dtype=float32), array([[-9.58055928e-02],
       [-8.76029879e-02],
       [ 7.25558698e-02],
       [-1.71787903e-01],
       [-1.62705183e-01],
       [ 6.15607854e-03],
       [ 1.07895657e-01],
       [-1.91948526e-02],
       [ 7.70398695e-03],
       [ 2.68767495e-02],
       [ 1.84282184e-01],
       [ 3.36148925e-02],
       [ 1.72572389e-01],
       [ 6.13268977e-03],
       [ 1.74687222e-01],
       [ 1.82354136e-03],
       [ 1.25614792e-01],
       [ 1.52463228e-01],
       [ 4.82034720e-02],
       [-5.82734905e-02],
       [-7.51883239e-02],
       [-1.17693119e-01],
       [-1.77831903e-01],
       [ 1.13697469e-01],
       [-2.19334275e-01],
       [-1.32209837e-01],
       [-1.02860048e-01],
       [ 7.12931380e-02],
       [ 3.14929010e-03],
       [-1.07246604e-04],
       [ 6.10704124e-02],
       [ 8.04788619e-02],
       [ 2.02999115e-02],
       [ 5.71653247e-03],
       [ 1.03171365e-02],
       [ 1.23605713e-01],
       [-4.86091711e-02],
       [-8.75352845e-02],
       [-1.08631654e-02],
       [-1.60009667e-01],
       [ 1.34247281e-02],
       [ 8.59856158e-02],
       [ 7.67660439e-02],
       [-1.62249744e-01],
       [-1.33237153e-01],
       [-8.57230648e-02],
       [-5.53224757e-02],
       [-1.71171948e-01],
       [ 2.18712296e-02],
       [-1.08224109e-01],
       [-1.29722491e-01],
       [-2.19533503e-01],
       [-6.23737276e-02],
       [-4.73004542e-02],
       [-7.40324110e-02],
       [-1.89205661e-01],
       [ 6.72700927e-02],
       [-1.78836897e-01],
       [-7.30255097e-02],
       [ 3.93008534e-03],
       [-8.15626308e-02],
       [-7.82203376e-02],
       [ 1.97249085e-01],
       [ 1.68950588e-03]], dtype=float32), array([-0.04686144], dtype=float32)]
Done
